0000000000000000000000000000000000000000011111111111111111000100000010000000010001000000100000000100010000001100000001000100000011000000110001000000110000001000010000010100000010000100000100100000100001000001001000011000010000100001001100000011001000011110000000011110000000000000000000000000000000000000000000000000000000000000000000000000000000000000000000000000000000000000000000000000000000000000
0000000000000000000000000000000000000000000000000000000000000111111111111111111001000000001000000010010000000010000000100100000000100000001001000000001000000010010000000110000000100100000001100000001001000000011000000010010000000110000000100110000010010000001000100001100110000100001101110000011110000000100000000000000000000000000000000000000000000000000000000000000000000000000000000000000000000000
0000000000000000000000000000000000000000011111111111111111100100000001000000001001000000010000000010010000000100000000100100000001000000001001000000010000000010010000000100000000100100000001000000001001100000010000000010001000000100000001000010000001100000110000110000011101110000000111001001110000000000011110000000000000000000000000000000000000000000000000000000000000000000000000000000000000000000
0000000000000000000000000000000000000000011111111111111111100100000010000000001001000000100000000010010000001000000000100100000010000000001001000000100000000010010000001000000000100100000010000000010001000000100000000100011000001000000011000011000011000011100000011000111111000000000011111000000000000000000000000000000000000000000000000000000000000000000000000000000000000000000000000000000000000000
0000000000000000000000000000000000000000011111111111111111100100000010000000001001000000100000000010010000001000000000100100000010000000001001000000100000000010010000001000000001100100000010000000010001000000100000000100001000001100000001000010000111100000110000100001001111111000001111110000000000000000000000000000000000000000000000000000000000000000000000000000000000000000000000000000000000000000
0000000000000000000000000000000000000000000000000000000000000111111111111111111011000000100000000010100000001000000000101000000010000000001010000000100000000100100000011100000001001000000101000000010011000001010000001100010000100110000110000110011000111110000000111100000000000000000000000000000000000000000000000000000000000000000000000000000000000000000000000000000000000000000000000000000000000000
0000000000000000000000000000000000000000000000000000000000000111111111111111111001000000100000000010010000001000000000100100000010000000001001000000100000000110010000011000000001000100000110000000010001000001110000001100010000010110000010000100001100011001100001100010000001110000001111000000000000000000000000000000000000000000000000000000000000000000000000000000000000000000000000000000000000000000
0000000000000000000000000000000000000000011111111111111111000100000010000000010001000000100000000100010000001000000001000100000010000000010001000000100000000100010000001000000001000110000010000000010000100000110000000100001100001110000011000001000100111001100000011110000001110000000000000000000000000000000000000000000000000000000000000000000000000000000000000000000000000000000000000000000000000000
0000000000000000000000000000000000000000011111111111111111100100000010000000001001000000100000000010010000010000000000100100000100000000001001000001000000000010010000010000000000100100000100000000001001000000100000000110010000011100000111000110001101111111000000110110000000000000000110000000000000000000000000000000000000000000000000000000000000000000000000000000000000000000000000000000000000000000
0000000000000000000000000000000000000000000000000000000000000000000000000000100001000000000011101000011111111111111110000100000010000000100001000000100000001000010000001000000010000100000010000000100001000000100000001000010000001000000010000100000010000000100001000000100000001000010000001000000010000111111110000001100000000000110111110000000000000111000000000000000000000000000000000000000000000000
0000000000000000000000000000000000000000000001000000000001000000110000000000010000011111110000000100000100000111111101000001000001000000010000010000110000000100000100001100000001000001000111000000010000010011010000001100000111100100000011000000000001000000100000000000011100011000000000000001111100000000000000000110000000000000000000000000000000000000000000000000000000000000000000000000000000000000
0000000000000000000000000000000000000000000000000000000000000000000000000000000000010000000000000000001100000000000000000011111111111110000000100001000000100000001100010000011000000001001110000100000000011010100011000000000011101111100000000000000000000000000000000000000000000000000000000000000000000000000000000000000000000000000000000000000000000000000000000000000000000000000000000000000000000000
0000000000000000000000111111100000000000001001001000000000000010010010000000000000101110100000000000001110111000000000000000000110000000000000000000000000000000000000000000000000000000000000000000000000000000000000000000000000000000000000000000000000000000000000000000000000000000000000000000000000000000000000000000000000000000000000000000000000000000000000000000000000000000000000000000000000000000
0000000000000000000000000000000000000000000000000000000000000000000000000000000000000000000000000000000000000000000000000000000000000000000001111111000000000000011011111000000000000100110010000000000001111100100000000000001101111000000000000000000000000000000000000000000000000000000000000000000000000000000000000000000000000000000000000000000000000000000000000000000000000000000000000000000000000000
0000000000000000000000000000000000000000000000000000000000000000000000000000000000000000000000000000000000000000000000000000000000000000000000000000000000000000000000000000000000000000000000000000000000000000000000000000000000001000000000000011111110000000000000111111100000000000011011001000000000000110110010000000000001111111100000000000001100010000000000000000000000000000000000000000000000000000
0000000000000000000000000000000000000000000000000000000000000000000000000000000000000000000100000000000000111111100000000000001001001000000000000010010110000000000000111111000000000000000000000000000000000000000000000000000000000000000000000000000000000000000000000000000000000000000000000000000000000000000000000000000000000000000000000000000000000000000000000000000000000000000000000000000000000000
0000000000110000000000000011111100000000000001101111000000000000010010010000000000000101100100000000000001111001000000000000000011110000000000000000000000000000000000000000000000000000000000000000000000000000000000000000000000000000000000000000000000000000000000000000000000000000000000000000000000000000000000000000000000000000000000000000000000000000000000000000000000000000000000000000000000000000
0000000000000000000000000000000000000110000000000000000000100000000000001100001000000000000011111110000000000000101100100000000000001011111000000000000011101100000000000000000000000000000000000000000000000000000000000000000000000000000000000000000000000000000000000000000000000000000000000000000000000000000000000000000000000000000000000000000000000000000000000000000000000000000000000000000000000000
0000000000000000000000000000000000000000000000000000000000000000000000000000000000000000000000000000000000000000000000000000000000000000000000000000000000000000000000000000000000000000000000100000011000000000001111111110000000000110011111100000000001100100011000000000001011000110000000000011111001000000000000000011110000000000000000000000000000000000000000000000000000000000000000000000000000000000
0000000000000000000000000000000000000000000000000000000000000000000000000000000000000000000000000000000000000000000000000000000000000000000000000000000000000000000000000000000000000000000000000000000000000011000011000000000000111111110000000000001001100100000000000011011001000000000000111111110000000000000000011000000000000000000000000000000000000000000000000000000000000000000000000000000000000000
0000000000000000000000001000000000000010000110000000000000100001000000000000001000110000000000000010001011111111111001100010000001100001111100100000011000000100001000000100000001000010000001100000010000100000010000000100001000000100000001000010000011000000110000100000110000001000001000001100000010000011000111100001100000011111001100011000000000000001111100000000000000000000000000000000000000000000
0000000000000000000000000000000000000000000000000000000000000000000000000000000000000000000000000000000000000000000000000000000000000000000000000000000100000000000000000001000000000000000000010000000000000000000100000000011100000001000000000001111110010000000000110001111100000000001000010001000000000110001100010000000000111111000100000000000000010011000000000000000110100000000000000000111000000000
0000000000000000000000000000000000000000000000000000000000000000000000000000000000011000001000000000000111100011000000000001001111010000000000010010000100000000001000100001000000000010001100110000000000100011001000000000001001111110000000000010010000000000000000111100000000000000000000000000000000000000000000000000000000000000000000000000000000000000000000000000000000000000000000000000000000000000
0000000000000000000000000000000000001000000000000000000010000000000001111111100000000000010111111000000000001100100010000000000010001000100000000000110111011000000000000111011100000000000000000000000000000000000000000000000000000000000000000000000000000000000000000000000000000000000000000000000000000000000000000000000000000000000000000000000000000000000000000000000000000000000000000000000000000000
0000000000000000000000000000000000000000000000000000000000000000000000000000000000000000000000000000000000000000000000000000000000000000000000000000000000011000000000000011111110000000000000100111100000000000001011011000000000000011110110000000000000000111100000000000000000000000000000000000000000000000000000000000000000000000000000000000000000000000000000000000000000000000000000000000000000000000
0000000000000000000000000000000000000000000000000000000000000000000000000000000000000000000000000000000000000000000000000000000000000000000000000010000010000000000000100001100000000000001111111000000000000010010010000000000000110100100000000000001111111000000000000000100100000000000000000000000000000000000000000000000000000000000000000000000000000000000000000000000000000000000000000000000000000000
0000000000000000000000000010000010000000000000111111100000000000001001001000000000000010010010000000000000111111100000000000000000000000000000000000000000000000000000000000000000000000000000000000000000000000000000000000000000000000000000000000000000000000000000000000000000000000000000000000000000000000000000000000000000000000000000000000000000000000000000000000000000000000000000000000000000000000
0000000000000000000000000000000000000000000000000000000000000000000000000000000000000000000000000000000000000000000000000000000000001000001000000000000011111110000000000000100100100000000000001111111000000000000001101100000000000000000000000000000000000000000000000000000000000000000000000000000000000000000000000000000000000000000000000000000000000000000000000000000000000000000000000000000000000000
0000000000000000000000000000000100011000000000000011111110000000000000100101100000000000001001001000000000000011111110000000000000000000000000000000000000000000000000000000000000000000000000000000000000000000000000000000000000000000000000000000000000000000000000000000000000000000000000000000000000000000000000000000000000000000000000000000000000000000000000000000000000000000000000000000000000000000
0000000000000000000000000000000000000000000000000000000000000000000000000000000000000000000000000000000000000000000000000000000000000000000000000000000000000000000000000000000000000000000000000000000000000000000000000000000000000000000000000000000000000000000000100001100000000000001111111000000000000010010010000000000000100100100000000000001001001000000000000011110110000000000000000111000000000000
0000100000000000000000001000000000000000000010000001000000000000111100011000000000001001111110000000000010010000100000000000100100001000000000001001000010000000000010010000100000000000111110001000000000000100100110000000000000000111000000000000000000110000000000000000000000000000000000000000000000000000000000000000000000000000000000000000000000000000000000000000000000000000000000000000000000000000
0000000000000000000000000000000000000000000000000000000000000000000000000000000000000000000000000000000000000000000000000000000000000000000000000000000000000000000000000000000000000001100000000000000000110000100000000000001111001000000000000110011110000000000001001100100000000000011111001000000000000000011110000000000000000011000000000000000000000000000000000000000000000000000000000000000000000000
0000000000000000000001100000000000000000011111100000000000000101001000000000000001010010000000000000011111100000000000000010010000000000000000000000000000000000000000000000000000000000000000000000000000000000000000000000000000000000000000000000000000000000000000000000000000000000000000000000000000000000000000000000000000000000000000000000000000000000000000000000000000000000000000000000000000000000
0000000000000000000000000000000000110000000000000000001100000000110000000011000000001111111111110000000010001000001100000000100010000011000000001000100000110000000010001000001100000000100010000011000000001000100000100000000011011100001000000000011101110010000000000000001111000000000000000000000000000000000000000000000000000000000000000000000000000000000000000000000000000000000000000000000000000000
