0000000000000000000001111111111111111110010000000100000000100100000001000000001001000000010000000010010000000100000000100100000001000000001001000000010000000010010000000100000000100100000001000000001001000000010000000010010000000100000000100100000001000000001001000000010000000010000000000000000000000000000000000000000000000000000000000000000000000000000000000000000000000000000000000000000000000000
0000000000000000000000000000000000000000001111111111111111000010000001000000010000100000010000000100001000000100000001000010000001000000010000100000010000000100001000000100000001000010000001000000010000100000010000000100001000000100000001000010000001000000010000100000010000000100000000000000000000000000000000000000000000000000000000000000000000000000000000000000000000000000000000000000000000000000
0000000000000000000000000000000000000000001111110000000000000010000011111111110000100000010000000100001000000100000001000010000001000000010000100000010000000100001000000100000001000010000001000000010000100000010000000100011000000100000001000110000001000000010000100000010000000100001000000100000001000000000000000000110000000000000000000000000000000000000000000000000000000000000000000000000000000000
0000000000000000000000000000000000000000000000000000000000000001111111111111110000010000001000000100000100000010000001000001000000100000010000100000001000000100001000000010000001000010000000100000010000100000001000000100001000000010000001000001000000100000010000010000001000000100000100000010000000000000000000000000000000000000000000000000000000000000000000000000000000000000000000000000000000000000
0000000000000000000000000000000000000000000000000011111000000000111111100011110000001000001000000000000010000010000001000000100000100000010000001000001000000100000010000010000001000000100000100000010000001000001000000100000001000010000001000000010000100000010000001000001000000100000010000010000001000000000000000000010000000000000000000000000000000000000000000000000000000000000000000000000000000000
0000000000000000000000000000000000000000000000000000000000000011111111111111110000100000010000000100001000000100000011000010000001000000100000100000100000001000001000001000000010000010000010000000110000100000100000000100011000001100000001000100000001000000010001100000010000000100000000000000000001000000000000000000000000000000000000000000000000000000000000000000000000000000000000000000000000000000
0000000000000000000000000000000000000000000000000000000000000000000000000000000000011111111111111000000100000100000010000001000001000000100000010000010000001000000100000100000100000001000001000001000000010000010000010000000100000100000100000001000011000001000000010000100000011000000100001000000010000001000001000000100000000000000000000000000000000000000000000000000000000000000000000000000000000000
0000000000000000000000000000000000000000000000000011100000000001111111100111110000010000010000000100000100000100000001000001000001000000010000010000010000000100000100000100000001000001000010000000010000010000100000000100000100001000000001000001000011000000010000010000010000000100000000000000000000000000000000000000000000000000000000000000000000000000000000000000000000000000000000000000000000000000
0000000000000000000000000000000000000000000000000000000000000000000111110000000000011110001011111000000100000010000010000001000000100000100000010000001000001000000100000010000010000001000000100000100000010000001000001000000100000010000010000001000000100000100000010000001000001000000000000000000000000000000000000000000000000000000000000000000000000000000000000000000000000000000000000000000000000000
0000000000000000000000000000000000000000000000000000000000000000000000000000000000011111111111111000000100000100000010000001000001000000100000010000010000001000000100000100000010000001000001000000100000110000010000000100001000000100000001000011000001000000010000010000010000001100000100000100000010000000000000000000000000000000000000000000000000000000000000000000000000000000000000000000000000000000
0000000000000000000000000000000000000000000000000000000000000000000000000000000000000000000000000000001111111111111100000010000001000001000000100000010000010000001000000100000100000010000001000001000000100000010000010000001000000100000100000010000001000001000000100000010000010000001000000100000100000000000000000001000000000000000000000000000000000000000000000000000000000000000000000000000000000000
0000000000000000000000000000000000000000000000000000000000000000000000000000000000000000000000000000000000001111110000000000001111000111000000000110010000010000000011000100000100000001100001000001000000010000010000010000001100000100000100000010000001000001000000100000010000011000000000000100000110000000000000000001100000000000000000010000000000000000000000000000000000000000000000000000000000000000
0000000000000000000000000000000000000000000000000000000000000000000000000000000000000000000000000000000000001111110000000000001111000111000000000110010000010000000011000100000100000001100001000001000000010000010000010000001100000100000100000010000001000001000000100000010000011000000000000100000110000000000000000001100000000000000000010000000000000000000000000000000000000000000000000000000000000000
0000000000000000000000000000000000000000000000000000000000000011111111111100000000100000001001111000001000000010000011000010000000100000010000100000001000000100011000000010000001000110000000100000010001100000001000000100011000000010000001000110000000100000010001000000001000001100010000000010000011000100000000000000110001000000000000001100010000000000000011000100000000000000100001000000000000001000
0000000000000000000000000000000000000000000000000000000000000000000000000000000000000000000000000000000000000000000000000000111000000000000000001011111111111000000010000001000010000000100000010000100000001000000100001000000010000001000010000000100000110000100000001000001100001000000010000000000110000000000000000001100000000000000000010000000000000000000000000000000000000000000000000000000000000000
0000000000000000000000000000000000000000000000000000000000000000000000000000000000000000000000000000000000000000000000000000000000000000000000000000000000000000000000000000000000000000000000000000000000000000000000000000000000000000110000000000000001111100000000000000010101000000000000000101010000000000000001010100000000000000010001000000000000000000000000000000000000000000000000000000000000000000
0000000000000000000000000000000000000000000000000000000000000000000000000000000000000000000000000000000000000000000000000000000000000000000000000000000000000000000000000000000000000000000000000000000000000000000000000000000000000000000000000000000000000000000000000111111000000000000001010110000000000000010101100000000000000100011000000000000000000110000000000000000000000000000000000000000000000000
0000000000000000000000001111111000000000000010110010000000000000100100100000000000001001001000000000000010000010000000000000100000100000000000001000001000000000000010000000000000000000000000000000000000000000000000000000000000000000000000000000000000000000000000000000000000000000000000000000000000000000000000000000000000000000000000000000000000000000000000000000000000000000000000000000000000000000
0000000000000011111000000000000000101010000000000000001000100000000000000000000000000000000000000000000000000000000000000000000000000000000000000000000000000000000000000000000000000000000000000000000000000000000000000000000000000000000000000000000000000000000000000000000000000000000000000000000000000000000000000000000000000000000000000000000000000000000000000000000000000000000000000000000000000000
0000000001111100000000000000010101000000000000000100010000000000000001000000000000000000000000000000000000000000000000000000000000000000000000000000000000000000000000000000000000000000000000000000000000000000000000000000000000000000000000000000000000000000000000000000000000000000000000000000000000000000000000000000000000000000000000000000000000000000000000000000000000000000000000000000000000000000
0000000000000000000000000000000000000000000000000000000000000000000000000000000000000000000000000000000000000000000000000000000000000000000001110000000000000000011111100000000000000101001000000000000001010010000000000000010100100000000000000100001000000000000011000010000000000000000000000000000000000000000000000000000000000000000000000000000000000000000000000000000000000000000000000000000000000000
0000000000000000000000000000000000000000000000000000000000000000000000000000000000000000000000000000000000000000000000000000000000000000000000000000000000000000000000000000000000000000000000000000000000000011111110000000000000100100100000000000011001001000000000000100010010000000000001000100100000000000010011001000000000000100100010000000000001000000100000000000010000001000000000000000000000000000
0000000000000000000000000000000000000000000000000000000000000000000000000000000000011111100000000000000100001111111110000001000001100000100000010000011000001000000110000110000010000000100001100000100000001000011000001000000010000110000110000000100000000000100000000000000000000000000000000000000000000000000000000000000000000000000000000000000000000000000000000000000000000000000000000000000000000000
0000000000000000000000000000000000000000000000000000000000000000000000000000000000011111100000000000000100001111111110000001000001100000100000010000011000001000000110000110000010000000100001100000100000001000011000001000000010000110000110000000100000000000100000000000000000000000000000000000000000000000000000000000000000000000000000000000000000000000000000000000000000000000000000000000000000000000
0000000000000000000000000000000000000000000000000000000000000000000000000000000000000000000000000000000111111111111111000001000000100000010000010000001000000100000100000010000001000001000000100000010000010000001000000100000100000010000001000001000000100000010000010000001000000100000100000000000001000000000000000000000000000000000000000000000000000000000000000000000000000000000000000000000000000000
