0000000000000000000001111111111111111110010000000011000000000100000000101000000001000000001001000000010000000010001000000100000000100001000001000000001000001000001000000100000001000010000001000000001000010000100000000000000011110000000000000000000000000000000000000000000000000000000000000000000000000000000000000000000000000000000000000000000000000000000000000000000000000000000000000000000000000000
0000000000000000000000000000000000000000001111111111111111000010000000110000000000100000000110000000001000000001110000000010000000010100000000100000000101000000001000000001011000000010000000110011000000110000001000011000000110000110000011000000111111000000000000000000000000000000000000000000000000000000000000000000000000000000000000000000000000000000000000000000000000000000000000000000000000000000
0000000000000000000000000000000000000000000111111111111111000001000000110000000000010000001110000000000100000010100000000001000000100100000000010000001001100000000100000010001000000001000000100011000000011000011000010000000011111100000011000000000000000000000000000000000000000000000000000000000000000000000000000000000000000000000000000000000000000000000000000000000000000000000000000000000000000000
0000000000000000000000000000000000000000000000000000000000000011111111111111110000100000001000000000001000000010000000000010000000100000000000100000001000000000001000000011000000000010000000101000000000100000001001000000001000000110011000000011111110000001100000000000000000001100000000000000000001000000000000000000000000000000000000000000000000000000000000000000000000000000000000000000000000000000
0000000000000000000000000000000000000000000111111111111111000001000000011000000000010000000110000000000100000001010000000001000000010100000000010000000100100000000100000001001100000001000000010001000000011000000100001000000011100010000011000000001111100000010000000000000000000000000000000000000000000000000000000000000000000000000000000000000000000000000000000000000000000000000000000000000000000000
0000000000000000000000000000000000000000000000000000000000000111111111111111110001000000011000000000010000000111000000000100000001010000000001000000010110000000011000000100011000000010000110000001100000100011000000001100000111100000000001000000000000000000000000000000000000000000000000000000000000000000000000000000000000000000000000000000000000000000000000000000000000000000000000000000000000000000
0000000000000000000000000000000000000000000000000011111111000001111111000000000000010000011000000000000100000101000000000001000001011000000000010000010011000000000110000100011000000000110001000011000000000110110000001000000000111000000001000000000000000000000000000000000000000000000000000000000000000000000000000000000000000000000000000000000000000000000000000000000000000000000000000000000000000000
0000000000000000000000000000000000000000000000000000000000000001111111111111110000010000000110000000000100000001010000000001000000010110000000010000000100100000000100000001001100000001100000110001000000001111111000011000000000000000000011000000000000000000000000000000000000000000000000000000000000000000000000000000000000000000000000000000000000000000000000000000000000000000000000000000000000000000
0000000000000000000000000000000000000000001111111111111111000010000001110000000000100000001110000000001000000010110000000011000000110111000000010000000100010000000100000001000110000001000000100000100000011000001000001100000011011100000000000000011100000000000000000000000000000000000000000000000000000000000000000000000000000000000000000000000000000000000000000000000000000000000000000000000000000000
0000000000000000000000000000000000000000000111111111111111000001000000010000000000010000000110000000000100000001110000000001000000010110000000010000000100110000000100000011000100000001000001100001000000011000010000001000000010111000000011000000111000000000000000000000000000000000000000000000000000000000000000000000000000000000000000000000000000000000000000000000000000000000000000000000000000000000
0000000000000000000000000000000000000000000000000000000000000001100000000000000000011111100000000000000100101100000000000001001000000000000000010111000000000000000101011000000000000001110010000000000000000000110000000000000000000000000000000000000000000000000000000000000000000000000000000000000000000000000000000000000000000000000000000000000000000000000000000000000000000000000000000000000000000000
0000000000000000000000000000000000000000000000000000000000000000000000000000000000000000000000000000000000000000000000000000000000000000000000000000000000000000000000000011111100000000000000101100000000000000001011000000000000000011111000000000000000011011000000000000000000010000000000000000000100000000000000000000000000000000000000000000000000000000000000000000000000000000000000000000000000000000
0000000000000000000000000000000000000000000000000000000000000000000000000000000000000000000000000000000000000000000000000000000000000000000000000000000000000000000111111110000000000001000110000000000000010001100000000000000100011100000000000001000101000000000000010001010000000000000100010010000000000001111100100000000000000000001100000000000000000001100000000000000000001000000000000000000000000000
0000000000000000000000000000000000000000000000000000000000000000000000000000000000011111111000000000000100110000000000000001001010000000000000010010110000000000000111100111000000000000000000010000000000000000000000000000000000000000000000000000000000000000000000000000000000000000000000000000000000000000000000000000000000000000000000000000000000000000000000000000000000000000000000000000000000000000
0000000000000000000000000000000000000000000000000000000000000000000000000000000000000000000000000000000000000000000000000000000000000000000000000000000000000000000000000000000000000000000000000000000000000000000000000000000000000000000000000000000000000000000000011000000000000000000111111000000000000011011000000000000000100110000000000000001011010000000000000011100111000000000000000000000000000000
0000000000000000000000001111100000000000000010001111100000000000100110000000000000001001110000000000000010010100000000000000111101000000000000000010001000000000000000000011000000000000000000010000000000000000000110000000000000000000000000000000000000000000000000000000000000000000000000000000000000000000000000000000000000000000000000000000000000000000000000000000000000000000000000000000000000000000
0000000000000000000000000000000000111111000000000000001010000000000000000010100000000000000000111100000000000000001101100000000000000000001000000000000000000011000000000000000000010000000000000000000000000000000000000000000000000000000000000000000000000000000000000000000000000000000000000000000000000000000000000000000000000000000000000000000000000000000000000000000000000000000000000000000000000000
0000000000000000000000000000000000000000000000000000000000000000000000000000000000000000000000000000000011111100000000000000101100000000000000001010100000000000000011100100000000000000000000000000000000000000000000000000000000000000000000000000000000000000000000000000000000000000000000000000000000000000000000000000000000000000000000000000000000000000000000000000000000000000000000000000000000000000
0000000000000000000000000000000000000000000000000000000000000000000000000000000000000000000000000000000000000000000000000000111111000000000000001001000000000000000010111000000000000000111011000000000000000000010000000000000000000000000000000000000000000000000000000000000000000000000000000000000000000000000000000000000000000000000000000000000000000000000000000000000000000000000000000000000000000000
0000000000000000000000000000000000000000000000000000000000000000000000000000000000000000000000000000000000000000000000000000000000000000000000000000000000000000000000000000000000000000000000000000000001111111000000000000011011000000000000000110110000000000000000111100000000000000000001100000000000000000001100000000000000000000000000000000000000000000000000000000000000000000000000000000000000000000
0000000000000000000000000000000000000000000000000000000000000000000000000000000000000000000000000000000000000000000000000000000000000000000000000000000000000000000000000000000000000000000000000000000000000000000000000000000000000000000000000000000000000000000000000000000000000000011000100000000000000111111000000000000001011000000000000000010111100000000000000111011100000000000000000001000000000000
0000000000000000000000000000000000000000000000000000000000000000000000000000000000000000000000000000000000000000000000000000000000000000000000000000000000000000000000000000000000000000000000000000000000000000000000000000000000000000000000000000000000000000000000000011111100000000000000101100000000000000001111000000000000000011011100000000000000000000000000000000000000000000000000000000000000000000
0000000001111111111000000000001101110000000000000010010110000000000000100100100000000000001110000100000000000000000001100000000000000000001100000000000000000000000000000000000000000000000000000000000000000000000000000000000000000000000000000000000000000000000000000000000000000000000000000000000000000000000000000000000000000000000000000000000000000000000000000000000000000000000000000000000000000000
0000000000000000000000000000000000000000000000000000000000000000000000000000000000000000000000000000000001111111110000000000010001100000000000000100011000000000000001101111000000000000001110011000000000000000000011000000000000000000011000000000000000000000000000000000000000000000000000000000000000000000000000000000000000000000000000000000000000000000000000000000000000000000000000000000000000000000
0000000000000000000000000000000000000000000000000000000000000000000000000000000000001110000000000000000100111111111100000001000011000000000000010000111000000000000100001010000000000001000010110000000000011000100110000000000010011000100000000000111100001100000000000000000001100000000000000000001100000000000000000000000000000000000000000000000000000000000000000000000000000000000000000000000000000000
