0000000000000000000000000000000000000000000000000000000000000000011000000000000000011001100000000100001000000100000000100010000001000000001001000000001000000001010000000010000000010100000000100000000101000000001000000001010000000010000000010010000000010000001000100000000100000010000100000000110011000000000000000011000000000000000000000000000000000000000000000000000000000000000000000000000000000000
0000000000000000000000000000000000000000000000000000000000000000000000000000000000111000000000100000011001110000000100000100000111000000100001000000010000001000010000000110000011000100000000100000010001000000001000000100010000000010000001000100000000100000010000100000001100000100001000000001000001000011000000011000010000010000000011101100000000000000001100000000000000000000000000000000000000000000
0000000000000000000000000000000000000000000000000000000000000000110000000000000000110011100000000000011000001000000011100100000011000000001101000000010000000001010000000100000000010100000001000000000101000000010000000011010000000100000000100100000001000000001001000000010000000010010000000110000001100010000000100000010000000000000110001100000000000000111100000000000000000000000000000000000000000000
0000000000000000000000000000000000000000000000000000000000000000000000000000000000001111000000000000000100011000000110000010000001000000100000100000001000001100001000000010000001000010000000110000010000100000000100000010001000000001000001100010000000010000010000110000000100000100000100000001100011000001000000001111100000010000000000000000000000000000000000000000000000000000000000000000000000000000
0000000000000000000000000000000000000000000000000000000000000000000000000000000000011111100000000000001100001100000000000010000000100000000001100000001000001100010000000010000001100100000000100000001001000000001000000010010000000010000000100110000000100000010000100000001100000100000100000001100001000000000000001000100000000000000001101000000000000000000100000000000000000000000000000000000000000000
0000000000000000000000000000000000000000000000000000000000000000000000000000000000001111100000000000000110000110000011000011000000100000011000100000001100000001001000000001000000010010000000010000000100100000000100000001001000000000100000010010000000001000000100100000000001000010001100000000001111100001100000000000000000001000000000000000000000000000000000000000000000000000000000000000000000000000
0000000000000000000000000000000000000000000000000000000000000000000000000000000000001111100000000000000110001100000000000010000001000000100001100000011000001100010000000010000001000100000000100000011001000000001100000010010000000001000000100100000000011000001001100000000010000010001000000000110001100011000000000011110000011000000000000000000000000000000000000000000000000000000000000000000000000000
0000000000000000000000000000000000000000000000000000000000000000000000000000000000001110000000000000000100011000011000000010000011000011100000100000011000001100001000000010000001000010000000100000010000100000001100000100001000000001000001000010000000010000010000100000000110000100001100000000110001000001100000000111010000001000000000011100000000000000000000000000000000000000000000000000000000000000
0000000000000000000000000000000000000000000000000000000000000000111100000000000000011001110000010000001100000110000110000010000000100000110000100000001100000100001000000001000000100010000000010000001000100000000100000010001000000001100000100010000000001100001000010000000001110110000100000000000000000000100000000000000000000100000000000000000001000000000000000000000000000000000000000000000000000000
0000000000000000000000000000000000000000000000000000000000000000000000000000000000011100000000000000001101100000001110000010000100000000110000100001100000000100001000001000000001000010000011000000010000100000010000000100001000000110000001000010000000100000010000110000001000000100000100000011000001000001100000010000110000001100000111111000000001000000000000000000000000000000000000000000000000000000
0000000000000000000000000000000000000000000001110000000000000001100110000001000000110000110000010000001000000100000010000010000000100000110000100000001000000100001000000010000001000010000000110000010000100000000100000010001000000001000000100010000000010000001000010000000100000010000100000001100001100000110000001111110000000111000000000000000000000000000000000000000000000000000000000000000000000000
0000000000000000000000000000000000000000000000000000000000000000000000000000000000011110000000111000001100110000000011000010000110000000011000100000100000000010010000001000000000100100000011000000001001000000010000000100011000000100000001000010000001100000010000100000001100001000001000000000111110000001000000000000000000000000000000000000000000000000000000000000000000000000000000000000000000000000
0000000000000000000000000000000000000000000000000000000000000001110000000000000000110111000000100000001000010000000110000110000100000000110001000000100000000100010000001000000001101000000010000000001010000000100000000100100000001000000001001000000010000000010001000000010000000100010000000100000011000111100000100000100000000000001111110000000000000000000000000000000000000000000000000000000000000000
0000000000000000000000000000000000000000000000000000000000000000000000001100000000000000000001100000000011110000001000000001100110000010000000011000100000100000000110001000001000000001100010000110000000011000100001100000000010001000010000000000100011111100000000000000011110000000000000000000000000000000000000000000000000000000000000000000000000000000000000000000000000000000000000000000000000000000
0000000000000000000000000000000000000000000000000000000000000000000000000000000000000000000000000000000000000000000000000000000000000000000000000000000000000000000000000000000000000000000000000000000000000000000000000000000000000000000000000000000000000000000000001111001100000000000111010001000000000001000100010000000000011001000100000000000010011011000000000000000011100000000000000000000000000000
0000000000000000000000000000000000000000000000000000000000000000000000100000000000001110001000000000000110100010000000000001001000100000000000010010001000000000000100100110000000000000001101000000000000000001110000000000000000000000000000000000000000000000000000000000000000000000000000000000000000000000000000000000000000000000000000000000000000000000000000000000000000000000000000000000000000000000
0000000000000000000000000000000000000000000000000000000000000000000000000000000000000000000000000000000000000000000000000000000000000000000000000000000000000000000000000000100000000000000000001000000000000011100010000000000001001000100000000000110100001000000000001001000010000000000010010000100000000000100100001000000000000001100010000000000000001111000000000000000000000000000000000000000000000000
0000000000000000000000111001000000000000011010011000000000000100110110000000000001100111000000000000000001110000000000000000000000000000000000000000000000000000000000000000000000000000000000000000000000000000000000000000000000000000000000000000000000000000000000000000000000000000000000000000000000000000000000000000000000000000000000000000000000000000000000000000000000000000000000000000000000000000
0000000000000000000000000000000000000000000000000000000000000000000000000000000000000000000000000000000000000000000000000000000000000000000000000000000000000000000000000000000000000000000000000000000000000000000000000000000000000000000000000000011110001000000000000100100010000000000011001000100000000000110010001000000000000000100010000000000000001000100000000000000011011000000000000000011100000000
0000000000000000000000000000000000000000011111111100000001100100000001000000011001000000010000000110110000000100000001101000000010000000011010000000100000000110100000001000000001101000000010000000010010000001100000000100100000011000000001001000000010000000010010000000100000000100100000001100000010001000000000111101100010000000000001110000100000000000000000000000000000000000000000000000000000000000
0000000000000000000000000000000000000000000000000000000000000000000000000000000000000000000000000000000000000000000000000000000000000000000000000000000000000000000000000100000000000001110001100000000000110100001000000000001001000010000000000010010000100000000000100100001000000000001001100110000000000010001111000000000000000000000000000000000000000000000000000000000000000000000000000000000000000000
0000000000000000000000000000000000000000000000000000000000000000000000010000000000000000000110000000000111000000100000000011010000001000000000100100000110000000001001000001000000000010010000010000000000100100001100000000001001111110000000000010000000000000000000000000000000000000000000000000000000000000000000000000000000000000000000000000000000000000000000000000000000000000000000000000000000000000
0000000000000000000000000000000000000000000000000000000000000000000000000000000000000000000000000000000000000000000000000000000000000000000000000000000000000000000000000000000000000000011000100000000000011110001000000000001100100010000000000110001000100000000001000010001000000000010000100010000000000110001001100000000000000011110000000000000000011000000000000000000000000000000000000000000000000000
0000000000000000000000000000000000000000000000000000000000000000000000000000000000000000000000000000000000000000000000000000000000000000000000000000000000000000000000000000000000000000000000000000000000000000000000000000000000000000000000000000000000000000000000110010000000000000011100100000000000000101001000000000000001010010000000000000000111100000000000000000000000000000000000000000000000000000
0000000000001110010000000000000110100100000000000001001011000000000000010011110000000000000000000000000000000000000000000000000000000000000000000000000000000000000000000000000000000000000000000000000000000000000000000000000000000000000000000000000000000000000000000000000000000000000000000000000000000000000000000000000000000000000000000000000000000000000000000000000000000000000000000000000000000000
0000000000000000000000000000000000000000000000000000000000000000000000000000000000000000000000000000000000000000000000000000000000000000000000000000000000000000000000000000000000000000000000000000000000000000000000000000000000000000000000000000000000000000000000000000000000000000000000000000011100100000000000001101001000000000000011010010000000000000100100100000000000001001011000000000000000011100
0000000000000000000000000000000000000000000000000000000000000000000000000000000000000000000000000000000000000000000000000000000000000000000000000000000000000000000000000000000000000000000000000000000000000000000000000000000000000000000000000000000000000000000000000000000000000000000000000000000000000000000000000000000100000000000000011101000000000000000101010000000000000001011100000000000000000000
0000000000000000000000000000000000000000000000000000001110100000000000000010101000000000000000101010000000000000001011100000000000000000000000000000000000000000000000000000000000000000000000000000000000000000000000000000000000000000000000000000000000000000000000000000000000000000000000000000000000000000000000000000000000000000000000000000000000000000000000000000000000000000000000000000000000000000
