0000000000000000000000000000000000000000000000000000000000000000000000000000000000000000000000000000100000000000000000001100000000000000000000110000000000000000000110000000000000000000110000000000000000000011111111111100000001100000000000000000110000000000000000010000000000000000011000000000000000001100000000000000000010000000000000000000000000000000000000000000000000000000000000000000000000000000
0000000000000000000000000000000000000000000000000000000000000000000000000000000011000000000000000000011000000000000000000011000000000000000000011000000000000000000001111111111111000000010000000000000000001100000000000000000110000000000000000011000000000000000001100000000000000000110000000000000000001000000000000000000000000000000000000000000000000000000000000000000000000000000000000000000000000000
0000000000000000000000000000000000000000000000000000000000000000000000000000000000100000000000000000001000000000000000000001000000000000000000001100000000000000000001100000000000000000000111000000000000000000111111111110000000111000000000000000111000000000000000011000000000000000001100000000000000000010000000000000000000100000000000000000000000000000000000000000000000000000000000000000000000000000
0000000000000000000000000000000000000000000000000000000000000001100000000000000000001000000000000000000001000000000000000000011000000000000000000011000000000000000000011000000000000000000011111111111000000000100000000000000000010000000000000000001100000000000000000110000000000000000001000000000000000000110000000000000000001000000000000000000000000000000000000000000000000000000000000000000000000000
0000000000000000000000000000000000000000001000000000000000000011000000000000000000010000000000000000000110000000000000000000111000000000000000000011000000000000000000001111111111100000000110000000000000000001000000000000000000100000000000000000011000000000000000001100000000000000000110000000000000000011000000000000000000000000000000000000000000000000000000000000000000000000000000000000000000000000
0000000000000000000000000000000000000000000000000000000000000000000000000000000000100000000000000000000110000000000000000000110000000000000000000110000000000000000000110000000000000000000110000000000000000000111111111110000000011000000000000000001100000000000000000110000000000000000011000000000000000000100000000000000000010000000000000000001000000000000000000010000000000000000000000000000000000000
0000000000000000000000000000000000000000000000000000000000000000000000000000000000110000000000000000000110000000000000000000110000000000000000000011000000000000000000011111111111000000001100000000000000000010000000000000000001000000000000000000100000000000000000010000000000000000001000000000000000000000000000000000000000000000000000000000000000000000000000000000000000000000000000000000000000000000
0000000000000000000000000000000000000000000000000000000000000000000000000000000000011000000000000000000011000000000000000000010000000000000000000110000000000000000000100000000000000000000110000000000000000000111111111100000000011000000000000000001100000000000000000010000000000000000001100000000000000000010000000000000000001100000000000000000110000000000000000001000000000000000000000000000000000000
0000000000000000000000000000000000000000000000000000000000000000000000000000000001000000000000000000011000000000000000000001000000000000000000001000000000000000000001000000000000000000001111111111100000000110000000000000000001000000000000000000100000000000000000011000000000000000001100000000000000000110000000000000000011000000000000000000000000000000000000000000000000000000000000000000000000000000
0000000000000000000000000000000000000000000000000000000000000000000000000000000000000000000000000000000000000000000000000000000000000000000000000011111000000000000011100011000000000000100000011000000000001000000010000000000011000000100000000000011000011000000000000011011100000000000000011100000000000000000000000000000000000000000000000000000000000000000000000000000000000000000000000000000000000000
0000000000000000000000000000000000000000000000000000000000000000000000000000000000111000000000000000000011000000000000000000011000000000000000000011000000000000000000011000000000000000000011111111111000000000111000000110000000011000000000000000001100000000000000000011000000000000000001100000000000000001111000000000000000111100000000000000001100000000000000000000000000000000000000000000000000000000
0000000000000000000000000000000000000000000000000000000000000000000000000000000000000000000000000000011000000000000000000011000000000000000000011100001110000000000011101110000000000000011110000000000000000111000000000000000111000000000000000111000000000000000001000000000000000000000000000000000000000000000000000000000000000000000000000000000000000000000000000000000000000000000000000000000000000000
0000000000000000000000000000000000000000000000000000000000000000000000000000000000000000000000000000000000000000000000000000100000110000000000001100011000000000000001100100000000000000001111000000000000000011100000000000000001100000000000000000110000000000000000001000000000000000000000000000000000000000000000000000000000000000000000000000000000000000000000000000000000000000000000000000000000000000
0000000000000000000000000000000000000000000000000000000000000000000000000000000000000000000000000000000000000000000000000000000000000000000000001100000001000000000011000001110000000000001000110000000000000011011000000000000000011100000000000000000110000000000000000011000000000000000001100000000000000000110000000000000000000000000000000000000000000000000000000000000000000000000000000000000000000000
0000000000000000000000000000000000000000000000000000000000000000000000000000000000000000000000000000000000000000000000000000000000000000000000000000000000000000000000000000000000000000000000000000000000000000000000000000000000000000000000000000000000110000000000000000000110000000000000000000110001100000000000000111110000000000000001110000000000000001110000000000000000110000000000000000000000000000
0000000000000000000000000001000000010000000000011100011100000000000001101100000000000000001110000000000000000011000000000000000001100000000000000000110000000000000000001000000000000000000000000000000000000000000000000000000000000000000000000000000000000000000000000000000000000000000000000000000000000000000000000000000000000000000000000000000000000000000000000000000000000000000000000000000000000000
0000000000000000000000000000000000000000000000000000000000000000000000000000000000000000000000000000000011000000000000000000011000000000000000000001100000001110000000001100001110000000000001100110000000000000000110000000000000000110000000000000000010000000000000000011000000000000000001000000000000000000000000000000000000000000000000000000000000000000000000000000000000000000000000000000000000000000
0000000000000000000000000000000000000000000000000000000000000000000000000000000000000000000000000000000000000000000000000000000000000000000000000000000000000000000000000000000000000000000000000000000000000000000000000000000000000000000000000000000000000000000000000000100000000000001100011000000000000001101100000000000000001110000000000000000001100000000000000001110000000000000000110000000000000000
0000000000000000000000000000000000000000000000000000000000000000000000000000000000000000000000000000000000000000000000000000000000000000000000000000000000000000000000000000000000000000000000000000000001000000001000000000011100000110000000000001100111000000000000001111000000000000000011100000000000000001100000000000000001110000000000000000000000000000000000000000000000000000000000000000000000000000
0000000000000000000000000000000000000000000000000000000000000000000000000000000000000000000000000000010000000000000000000110000000000000000000110000000000000000000111100000000000000011000000000000000000100000000000000000010000000000000000001000000000000000000010000000000000000000000000000000000000000000000000000000000000000000000000000000000000000000000000000000000000000000000000000000000000000000
0000000000000000000011000000000000000000111000000000000000000011111100000000000000011000000000000000001000000000000000001110000000000000000000000000000000000000000000000000000000000000000000000000000000000000000000000000000000000000000000000000000000000000000000000000000000000000000000000000000000000000000000000000000000000000000000000000000000000000000000000000000000000000000000000000000000000000
0000000000001000000000000000000011100000000000000000001110000000000000000000111100000000000000011000000000000000111100000000000000000000000000000000000000000000000000000000000000000000000000000000000000000000000000000000000000000000000000000000000000000000000000000000000000000000000000000000000000000000000000000000000000000000000000000000000000000000000000000000000000000000000000000000000000000000
0000000000000000000000000000000000000000000000000000000000000000000000000000000000000000000000000000000000000000000000000000000000001100000000000000000001100000000000000000001100000000000000000001111100000000000000110000000000000000011000000000000000000100000000000000000010000000000000000000000000000000000000000000000000000000000000000000000000000000000000000000000000000000000000000000000000000000
0000000000000000000000000000000000000000000000000000000000000000000000000000000000000000000000000000000000000000000000000000000000000000000000000000000000000000000000000000000000000000000000000000000000000000000010000000000000000000111000000000000000000011100000000000000000011111000000000000001100000000000000000110000000000000000011000000000000000000100000000000000000000000000000000000000000000000
0000000000000000000000000000000000000000000000000000000000000000000000000000000000000000000000000000000000000000000000000000000000000000000000000000000000000000000000000000000000000000000000000000000000000000000000000000000000000000000000000000000000000000000000000000000000000000000000000000110000000000000000000111000000000000000000011000000000000000000111110000000000000011000000000000000011100000
0000000000000000000000000000000000000000000000000000000000000000000000000000000000000000000000000000000000000000000000000000000000000000000000000000000000000000000000000000000000000000000000000000000000000000000000000000000001100000000000000000001100000000000000000001110000000000000000000110111100000000000001111100000000000001110000000000000001110000000000000000000000000000000000000000000000000000
0000000000000000000000000000000000000000000000000000000000000000000000000000000000001100000000000000000001100000000000000000001100000000000000000001111111000000000000111000000000000000011000000000000000001100000000000000000011000000000000000000000000000000000000000000000000000000000000000000000000000000000000000000000000000000000000000000000000000000000000000000000000000000000000000000000000000000
